id,r,theta,phi,acc_x,acc_y,acc_z,abs_a,g_x,g_y,g_z,abs_g,delta_r,delta_theta,delta_phi,delta_acc_x,delta_acc_y,delta_acc_z,delta_abs_acc,delta_g_x,delta_g_y,delta_g_z,delta_abs_g,label
10000000,1690.411,66.907,26.713,-44,-115,990,997.627,-1260,-2520,6020,6646,692.784,59.818,137.65,-58,-3,1102,10.155,1400,70,2940,1823,swipe right
10000000,3187.254,62.413,44.985,1389,699,663,1690.411,-85680,62230,298690,40559,1496.843,-4.494,18.272,1433,814,778,692.784,-84420,64750,292670,33913,swipe right
10000000,2306.171,62.3,-168.101,1998,1997,1476,3187.254,23870,245560,-967680,29011,-881.083,-0.113,-213.086,609,1298,777,1496.843,109550,183330,-1266370,-11548,swipe right
10000000,1029.693,9.354,-76.877,-1998,-421,1072,2306.171,4690,-50960,89950,46043,-1276.478,-52.946,91.224,-3996,-2418,-925,-881.083,-19180,-296520,1057630,17032,swipe right
11000000,1021.844,8.354,-79.522,-18,-160,996,1008.93,-910,-3640,1610,4082,12.914,-0.828,16.896,15,7,1163,0.459,-1610,630,-490,-727,swipe right
11000000,2603.203,43.86,-175.421,27,-146,1011,1021.844,350,-2730,2660,3827,1581.359,35.506,-95.899,45,14,1171,12.914,1260,910,1050,-255,swipe right
11000000,2826.917,87.83,44.985,-1798,-144,1877,2603.203,-22960,-6790,286020,27862,223.714,43.97,220.406,-1825,2,2023,1581.359,-23310,-4060,283360,24035,swipe right
11000000,1089.493,28.879,-148.363,1998,1997,107,2826.917,-119770,63070,474740,56414,-1737.424,-58.951,-193.348,3796,2141,251,223.714,-96810,69860,188720,28552,swipe right
12000000,1008.663,7.937,-119.693,-96,-116,1010,1021.162,2730,-700,4410,5233,-12.499,-0.542,9.917,-34,27,1153,34.771,3990,-1050,1680,2206,swipe right
12000000,2832.046,45.13,-174.539,-69,-121,999,1008.663,-910,-3220,8120,8782,1823.383,37.193,-54.846,27,-5,1115,-12.499,-3640,-2520,3710,3549,swipe right
12000000,2135.217,69.922,84.735,-1998,-191,1998,2832.046,-61040,-177310,336070,45594,-696.829,24.792,259.274,-1929,-70,2119,1823.383,-60130,-174090,327950,36812,swipe right
12000000,1052.922,35.705,-149.595,184,1997,733,2135.217,-9800,-63490,766570,57845,-1082.295,-34.217,-234.33,2182,2188,924,-696.829,51240,113820,430500,12251,swipe right
13000000,1026.644,11.785,-23.019,3,-121,989,996.378,-6930,-2380,18550,19944,30.266,4.808,65.56,85,25,1135,-20.504,-8960,1540,16170,14929,swipe right
13000000,2045.35,102.422,88.766,193,-82,1005,1026.644,-9100,3080,35140,36429,1018.706,90.637,111.785,190,39,1126,30.266,-2170,5460,16590,16485,swipe right
13000000,2177.653,74.853,-161.901,43,1997,-440,2045.35,-123340,92540,-952840,62988,132.303,-27.569,-250.667,-150,2079,-358,1018.706,-114240,89460,-987980,26559,swipe right
13000000,1441.606,23.102,-10.594,-1998,-653,569,2177.653,-72520,-61110,219730,37951,-736.047,-51.751,151.307,-2041,-2650,-1428,132.303,50820,-153650,1172570,-25037,swipe right
14000000,1011.421,9.687,-92.694,-46,-183,1020,1037.306,-980,210,1890,2139,-25.885,-0.793,11.415,23,3,1206,12.913,-2100,5180,2590,-3003,swipe right
14000000,1840.744,26.173,-176.045,-8,-170,997,1011.421,-2240,-2520,9590,10165,829.323,16.486,-83.351,38,13,1180,-25.885,-1260,-2730,7700,8026,swipe right
14000000,3026.451,68.971,44.985,-810,-56,1652,1840.744,-3220,-13860,190750,47204,1185.707,42.798,221.03,-802,114,1822,829.323,-980,-11340,181160,37039,swipe right
14000000,1390.522,60.059,-159.143,1998,1997,1086,3026.451,-292880,-54250,-567560,53143,-1635.929,-8.912,-204.128,2808,2053,1142,1185.707,-289660,-40390,-758310,5939,swipe right
15000000,1159.724,41.094,-159.496,-238,-216,967,1019.013,-5740,700,30170,30719,140.711,22.709,-21.722,-171,-40,1143,-8.393,-4970,-1750,6160,6573,swipe right
15000000,2719.9,71.033,140.964,-714,-267,874,1159.724,1050,-140,30030,30048,1560.176,29.939,300.46,-476,-51,1090,140.711,6790,-840,-140,-671,swipe right
15000000,3460.06,54.728,135.014,-1998,1620,884,2719.9,-118440,18060,-741650,41930,740.16,-16.305,-5.95,-1284,1887,1151,1560.176,-119490,18200,-771680,11882,swipe right
15000000,1446.481,3.356,-67.067,-1998,1997,1998,3460.06,340200,-111790,1587250,43540,-2013.579,-51.372,-202.081,0,377,378,740.16,458640,-129850,2328900,1610,swipe right
16000000,1184.096,20.652,-7.567,45,-168,1020,1034.721,-6090,-350,9590,11365,149.375,10.976,67.437,53,12,1200,-12.889,-7070,-8680,-560,-1802,swipe right
16000000,3341.058,57.726,44.985,414,-55,1108,1184.096,7140,-3430,74550,36407,2156.962,37.074,52.552,369,113,1276,149.375,13230,-3080,64960,25042,swipe right
16000000,1572.916,16.129,-9.483,1998,1997,1784,3341.058,-159740,524230,-1465170,56751,-1768.142,-41.597,-54.468,1584,2052,1839,2156.962,-166880,527660,-1539720,20344,swipe right
16000000,819.178,24.57,-28.972,431,-72,1511,1572.916,94710,107870,-386610,50690,-753.738,8.441,-19.489,-1567,-2069,-486,-1768.142,254450,-416360,1078560,-6061,swipe right
17000000,1005.608,10.427,-90.629,106,-143,968,984.23,70,-6160,34090,34642,21.378,0.008,-37.178,111,36,1147,-13.963,2660,-4620,20790,21005,swipe right
17000000,2023.658,97.981,94.808,-2,-182,989,1005.608,-6230,980,14070,15418,1018.05,87.554,185.437,-108,-39,1132,21.378,-6300,7140,-20020,-19224,swipe right
17000000,2046.609,102.013,176.477,-168,1997,-281,2023.658,-235970,125370,-1111670,39237,22.951,4.032,81.669,-166,2179,-99,1018.05,-229740,124390,-1125740,23819,swipe right
17000000,997.125,37.317,-12.127,-1998,123,-426,2046.609,-178920,130900,-378000,55250,-1049.484,-64.696,-188.604,-1830,-1874,-2423,22.951,57050,5530,733670,16013,swipe right
18000000,1162.451,2.863,2.96,-11,-203,981,1001.843,420,0,10080,10088,160.608,-8.844,96.061,-32,-3,1181,9.258,-1960,1820,7350,6035,swipe right
18000000,3460.06,54.728,44.985,58,3,1161,1162.451,-13370,19320,119140,43144,2297.609,51.865,42.025,69,206,1364,160.608,-13790,19320,109060,33056,swipe right
18000000,1266.206,18.61,-58.355,1998,1997,1998,3460.06,172760,130060,-1302560,62947,-2193.854,-36.118,-103.34,1940,1994,1995,2297.609,186130,110740,-1421700,19803,swipe right
18000000,927.726,12.985,-86.149,212,-344,1200,1266.206,28770,22960,-22190,42979,-338.48,-5.625,-27.794,-1786,-2341,-797,-2193.854,-143990,-107100,1280370,-19968,swipe right
19000000,1040.227,19.261,-140.557,37,-188,1015,1032.926,3220,-4130,15050,15935,7.301,8.571,-61.691,60,21,1224,30.624,4410,490,8400,7751,swipe right
19000000,2077.462,54.716,-165.66,-265,-218,982,1040.227,4130,-26320,14770,30462,1037.235,35.455,-25.103,-302,-30,1170,7.301,910,-22190,-280,14527,swipe right
19000000,3276.524,59.56,44.985,-1643,-420,1200,2077.462,-25270,-42140,23100,54295,1199.062,4.844,210.645,-1378,-202,1418,1037.235,-29400,-15820,8330,23833,swipe right
19000000,604.868,33.049,-122.244,1998,1997,1660,3276.524,-137690,88900,-146580,33208,-2671.656,-26.511,-167.229,3641,2417,2080,1199.062,-112420,131040,-169680,-21087,swipe right