id,r,theta,phi,acc_x,acc_y,acc_z,abs_a,g_x,g_y,g_z,abs_g,delta_r,delta_theta,delta_phi,delta_acc_x,delta_acc_y,delta_acc_z,delta_abs_acc,delta_g_x,delta_g_y,delta_g_z,delta_abs_g,label
10000000,1075.19,9.318,-171.078,-172,-27,1061,1075.19,-16240,18550,32130,40499,127.273,3.48,-130.284,-245,36,1124,127.273,-11620,19460,21980,29310,swipe right
10000000,3460.06,54.728,44.985,1998,1997,1998,3460.06,-71890,51030,-1038660,65230,2384.87,45.41,216.063,2170,2024,2025,2384.87,-55650,32480,-1070790,24731,swipe right
10000000,1428.896,2.029,108.434,-16,48,1428,1428.896,109550,-80920,-325010,62623,-2031.164,-52.699,63.449,-2014,-1949,-569,-2031.164,181440,-131950,713650,-2607,swipe right
10000000,861.745,7.173,-52.171,66,-85,855,861.745,-3150,-7280,28210,29304,-567.151,5.144,-160.605,82,-133,807,-567.151,-112700,73640,353220,-33319,swipe right
11000000,1149.88,6.271,-139.844,-96,-81,1143,1149.88,-17990,-5250,90160,64692,147.808,5.583,-8.211,-88,-72,1152,147.808,-10500,-5180,136710,17544,swipe right
11000000,2273.461,65.022,165.815,-1998,505,960,2273.461,-47460,-128310,-312690,22952,1123.581,58.751,305.659,-1902,586,1041,1123.581,-29470,-123060,-402850,-41740,swipe right
11000000,2576.192,66.312,122.167,-1256,1997,1035,2576.192,154490,-130480,1484980,63912,302.731,1.29,-43.648,742,1492,530,302.731,201950,-2170,1797670,40960,swipe right
11000000,1161.838,15.789,9.283,312,51,1118,1161.838,55790,26250,-30100,20313,-1414.354,-50.523,-112.884,1568,-1946,-879,-1414.354,-98700,156730,-1515080,-43599,swipe right
12000000,1154.281,13.582,154.663,-245,116,1122,1154.281,-8540,-6440,111860,63538,136.89,8.903,266.592,-214,193,1199,136.89,-2380,-3710,84770,35623,swipe right
12000000,3039.924,48.909,60.649,1123,1997,1998,3039.924,-67970,308070,-1231790,43885,1885.643,35.327,-94.014,1368,1881,1882,1885.643,-59430,314510,-1343650,-19653,swipe right
12000000,2034.567,98.137,-172.755,-1998,-254,-288,2034.567,-103740,103880,-143780,59758,-1005.357,49.228,-233.404,-3121,-2251,-2285,-1005.357,-35770,-204190,1088010,15873,swipe right
12000000,1239.058,9.234,-140.305,-153,-127,1223,1239.058,1120,-8400,6230,10517,-795.509,-88.903,32.45,1845,127,1477,-795.509,104860,-112280,150010,-49241,swipe right
13000000,976.644,6.162,-122.932,-57,-88,971,976.644,5600,9170,20300,22968,-33.086,0.055,-57.112,-101,10,1069,-33.086,11900,11900,13860,13555,swipe right
13000000,2127.298,40.15,-177.158,-1370,-68,1626,2127.298,-60760,103810,250600,65224,1150.654,33.988,-54.226,-1313,20,1714,1150.654,-66360,94640,230300,42256,swipe right
13000000,2048.262,91.762,77.273,451,1997,-63,2048.262,-220710,-346080,1248310,13611,-79.036,51.612,254.431,1821,2065,5,-79.036,-159950,-449890,997710,-51613,swipe right
13000000,730.263,23.831,-156.214,-270,-119,668,730.263,17150,5810,20790,27569,-1317.999,-67.931,-233.487,-721,-2116,-1329,-1317.999,237860,351890,-1227520,13958,swipe right
14000000,1007.243,8.178,-130.471,-93,-109,997,1007.243,7980,-1330,10920,13590,7.013,-2.472,1.239,30,29,1135,7.013,10850,1400,3150,4869,swipe right
14000000,2368.342,60.672,-165.384,-1998,-521,1160,2368.342,-22680,98210,-73570,51838,1361.099,52.494,-34.913,-1905,-412,1269,1361.099,-30660,99540,-84490,38248,swipe right
14000000,2785.909,72.429,131.244,-1751,1997,841,2785.909,150850,-59570,1246980,26748,417.567,11.757,296.628,247,2518,1362,417.567,173530,-157780,1320550,-25090,swipe right
14000000,1124.433,7.426,-147.075,-122,-79,1115,1124.433,34090,490,27370,43720,-1661.476,-65.003,-278.319,1629,-2076,-882,-1661.476,-116760,60060,-1219610,16972,swipe right
15000000,942.154,7.543,-157.166,-114,-48,934,942.154,-20230,35700,36400,54851,-91.757,-4,-6.705,66,54,1036,-91.757,-18060,33670,20230,38411,swipe right
15000000,1625.583,52.526,-172.472,-1279,-169,989,1625.583,-32690,24360,107870,20324,683.429,44.983,-15.306,-1165,-121,1037,683.429,-12460,-11340,71470,-34527,swipe right
15000000,3184.419,55.361,49.659,1696,1997,1810,3184.419,-88970,254170,-1270080,44655,1558.836,2.835,222.131,2975,2166,1979,1558.836,-56280,229810,-1377950,24331,swipe right
15000000,885.775,40.054,162.963,-545,167,678,885.775,55790,-87780,-451780,13215,-2298.644,-15.307,113.304,-2241,-1830,-1319,-2298.644,144760,-341950,818300,-31440,swipe right
16000000,1001.86,5.031,-101.821,-18,-86,998,1001.86,5180,2730,34580,35072,-45.039,-2.854,35.153,87,12,1096,-45.039,8820,-2170,29890,27375,swipe right
16000000,2239.085,65.571,-168.541,-1998,-405,926,2239.085,-26180,-23940,10360,36957,1237.225,60.54,-66.72,-1980,-319,1012,1237.225,-31360,-26670,-24220,1885,swipe right
16000000,3460.06,54.728,44.985,1998,1997,1998,3460.06,-35000,289380,-344750,44214,1220.975,-10.843,213.526,3996,2402,2403,1220.975,-8820,313320,-355110,7257,swipe right
16000000,1641.931,42.477,-3.257,1107,-63,1211,1641.931,-44100,-12810,9730,46942,-1818.129,-12.251,-48.242,-891,-2060,-786,-1818.129,-9100,-302190,354480,2728,swipe right
17000000,1076.038,4.965,3.077,93,5,1072,1076.038,3850,1260,65590,4846,90.807,-0.347,105.742,113,94,1161,90.807,2660,5950,54950,-6842,swipe right
17000000,2485.051,53.562,-177.993,-1998,-70,1476,2485.051,-149800,6650,-245420,33329,1409.013,48.597,-181.07,-2091,-75,1471,1409.013,-153650,5390,-311010,28483,swipe right
17000000,2169.437,69.746,101.133,-393,1997,751,2169.437,7700,-159600,1524950,40704,-315.614,16.184,279.126,1605,2067,821,-315.614,157500,-166250,1770370,7375,swipe right
17000000,826.542,54.668,-165.221,-652,-172,478,826.542,-280,23100,71820,37374,-1342.895,-15.078,-266.354,-259,-2169,-1519,-1342.895,-7980,182700,-1453130,-3330,swipe right
18000000,1060.728,17.434,-167.275,-310,-70,1012,1060.728,-14140,18830,28490,36961,51.787,6.613,-5.423,-130,-11,1071,51.787,-3150,32900,27370,19073,swipe right
18000000,2111.496,55.498,-179.341,-1740,-20,1196,2111.496,630,1680,-276850,60288,1050.768,38.064,-12.066,-1430,50,1266,1050.768,14770,-17150,-305340,23327,swipe right
18000000,2704.543,71.526,51.123,1610,1997,857,2704.543,-12320,99190,1489880,25393,593.047,16.028,230.464,3350,2017,877,593.047,-12950,97510,1766730,-34895,swipe right
18000000,680.853,63.95,-168.781,-600,-119,299,680.853,-46200,42630,130340,61322,-2023.69,-7.576,-219.904,-2210,-2116,-1698,-2023.69,-33880,-56560,-1359540,35929,swipe right
19000000,1057.253,4.495,-81.674,12,-82,1054,1057.253,-2660,-2520,9450,10135,15.829,-3.999,60.189,133,13,1149,15.829,-2450,-490,-2170,-1662,swipe right
19000000,1853.909,38.84,178.028,-1162,40,1444,1853.909,-31080,15610,140630,61697,796.656,34.345,259.702,-1174,122,1526,796.656,-28420,18130,131180,51562,swipe right
19000000,3458.905,54.755,44.985,1998,1997,1996,3458.905,46550,530530,-1528800,30469,1604.996,15.915,-133.043,3160,1957,1956,1604.996,77630,514920,-1669430,-31228,swipe right
19000000,1612.311,28.494,11.777,753,157,1417,1612.311,228550,12880,-357070,61695,-1846.594,-26.261,-33.208,-1245,-1840,-580,-1846.594,182000,-517650,1171730,31226,swipe right