id,r,theta,phi,acc_x,acc_y,acc_z,abs_a,g_x,g_y,g_z,abs_g,delta_r,delta_theta,delta_phi,delta_acc_x,delta_acc_y,delta_acc_z,delta_abs_acc,delta_g_x,delta_g_y,delta_g_z,delta_abs_g,label
10000000,1030.442,7.762,-140.247,-107,-89,1021,1030.442,770,-3640,1960,4205,31.925,1.213,-3.469,-24,-11,1099,31.925,910,-420,490,663,swipe left
10000000,2826.257,45.013,1.748,1998,61,1998,2826.257,-60550,213640,9100,46330,1795.815,37.251,141.995,2105,150,2087,1795.815,-61320,217280,7140,42125,swipe left
10000000,2344.058,99.131,149.69,-1998,1168,-372,2344.058,-26040,44240,-328300,55154,-482.199,54.118,147.942,-3996,1107,-433,-482.199,34510,-169400,-337400,8824,swipe left
10000000,1570.921,16.4,9.865,437,76,1507,1570.921,-2660,-22540,18130,29048,-773.137,-82.731,-139.825,2435,-1092,339,-773.137,23380,-66780,346430,-26106,swipe left
11000000,1023.631,12.335,168.124,-214,45,1000,1023.631,5810,-2450,-13510,14909,85.373,10.991,255.521,-215,67,1022,85.373,-6370,-13160,1400,-7121,swipe left
11000000,2877.574,62.807,128.719,-1601,1997,1315,2877.574,-29470,-20230,591500,57075,1853.943,50.472,-39.405,-1387,1952,1270,1853.943,-35280,-17780,605010,42166,swipe left
11000000,2362.04,58.447,-6.962,1998,-244,1236,2362.04,28280,36120,-187740,54689,-515.534,-4.36,-135.681,3599,-2241,-761,-515.534,57750,56350,-779240,-2386,swipe left
11000000,1153.936,29.128,177.142,-561,28,1008,1153.936,2660,7700,18690,20388,-1208.104,-29.319,184.104,-2559,272,1252,-1208.104,-25620,-28420,206430,-34301,swipe left
12000000,986.285,7.432,-170.98,-126,-20,978,986.285,280,-4970,-5810,7650,-26.46,-0.921,-0.763,19,5,1003,-26.46,2870,-1680,-4410,3236,swipe left
12000000,2918.109,54.005,32.283,1996,1261,1715,2918.109,-168490,-103040,489230,58942,1931.824,46.573,203.263,2122,1281,1735,1931.824,-168770,-98070,495040,51292,swipe left
12000000,3199.849,54.701,43.479,1895,1797,1849,3199.849,231630,123200,-594580,38069,281.74,0.696,11.196,-101,536,588,281.74,400120,226240,-1083810,-20873,swipe left
12000000,1081.429,54.303,170.033,-865,152,631,1081.429,-28840,-28700,93870,43325,-2118.42,-0.398,126.554,-2760,-1645,-1166,-2118.42,-260470,-151900,688450,5256,swipe left
13000000,1034.294,8.843,180,-159,0,1022,1034.294,3710,-7840,-17220,19281,11.369,-0.956,358.025,15,6,1028,11.369,7000,1330,-8120,5950,swipe left
13000000,2831.518,45.119,-5.233,1998,-183,1998,2831.518,-40670,155540,119140,37234,1797.224,36.276,-185.233,2157,-183,1998,1797.224,-44380,163380,136360,17953,swipe left
13000000,2864.225,104.042,135.976,-1998,1931,-695,2864.225,-48650,35000,-426650,30634,32.707,58.923,141.209,-3996,2114,-512,32.707,-7980,-120540,-545790,-6600,swipe left
13000000,1063.727,5.404,-176.566,-100,-6,1059,1063.727,-20230,-31080,37310,52604,-1800.498,-98.638,-312.542,1898,-1937,-872,-1800.498,28420,-66080,463960,21970,swipe left
14000000,993.487,9.451,-177.54,-163,-7,980,993.487,14000,-770,-54460,56235,-15.132,0.379,-8.78,-7,24,1011,-15.132,14630,3360,-51030,50830,swipe left
14000000,2878.248,46.038,15.337,1998,548,1998,2878.248,-115500,188370,212520,61595,1884.761,36.587,192.877,2161,555,2005,1884.761,-129500,189140,266980,5360,swipe left
14000000,2169.888,108.374,120.462,-1044,1775,-684,2169.888,32690,103740,-583450,7563,-708.36,62.336,105.125,-3042,1227,-1232,-708.36,148190,-84630,-795970,-54032,swipe left
14000000,894.799,4.533,146.534,-59,39,892,894.799,-17640,-45290,100100,61582,-1275.089,-103.841,26.072,985,-1736,-883,-1275.089,-50330,-149030,683550,54019,swipe left
15000000,1029.793,9.04,-164.589,-156,-43,1017,1029.793,210,-3570,-7980,8744,-4.942,-0.64,-6.88,5,23,1083,-4.942,210,-560,-3360,3230,swipe left
15000000,3081.182,49.574,31.914,1991,1240,1998,3081.182,-160790,-77840,451500,61939,2051.389,40.534,196.503,2147,1283,2041,2051.389,-161000,-74270,459480,53195,swipe left
15000000,2946.282,47.327,22.729,1998,837,1997,2946.282,194880,150290,-567420,16693,-134.9,-2.247,-9.185,7,-403,757,-134.9,355670,228130,-1018920,-45246,swipe left
15000000,919.859,32.127,176.014,-488,34,779,919.859,-21420,-18270,76860,49041,-2026.423,-15.2,153.285,-2486,-803,-58,-2026.423,-216300,-168560,644280,32348,swipe left
16000000,938.938,18.959,-178.873,-305,-6,888,938.938,17920,25620,-39200,50141,-88.901,13.397,-53.269,-247,75,969,-88.901,18270,29190,-36050,45368,swipe left
16000000,2827.58,74.828,132.965,-1860,1997,740,2827.58,-258440,-153090,658140,60704,1888.642,55.869,311.838,-1555,2003,746,1888.642,-276360,-178710,697340,10563,swipe left
16000000,2835.354,45.196,-6.708,1998,-235,1998,2835.354,80920,47600,-126350,57474,7.774,-29.632,-139.673,3858,-2232,1,7.774,339360,200690,-784490,-3230,swipe left
16000000,1122.569,30.119,-174.805,-561,-51,971,1122.569,-11130,-2240,39550,41147,-1712.785,-15.077,-168.097,-2559,184,1206,-1712.785,-92050,-49840,165900,-16327,swipe left
17000000,1029.06,14.113,-172.903,-249,-31,998,1029.06,70,-6160,-7980,10081,19.88,5.203,-9.252,-99,13,1042,19.88,280,-4340,-4060,5755,swipe left
17000000,2852.523,45.538,-11.072,1998,-391,1998,2852.523,49700,123270,-21770,30978,1823.463,31.425,161.831,2247,-360,2029,1823.463,49630,129430,-13790,20897,swipe left
17000000,2918.944,104.584,135.014,-1998,1997,-735,2918.944,-12180,42700,-520590,49016,66.421,59.046,146.086,-3996,2388,-344,66.421,-61880,-80570,-498820,18038,swipe left
17000000,1694.297,12.521,16.609,352,105,1654,1694.297,32970,-28980,39270,58898,-1224.647,-92.063,-118.405,2350,-1892,-343,-1224.647,45150,-71680,559860,9882,swipe left
18000000,1013.81,4.267,-141.458,-59,-47,1011,1013.81,4270,-4410,-3220,6931,30.046,-3.386,26.202,69,-19,1039,30.046,5460,-1400,630,1902,swipe left
18000000,2848.566,45.46,-10.241,1998,-361,1998,2848.566,-37870,144760,143990,13154,1834.756,41.193,131.217,2057,-314,2045,1834.756,-42140,149170,147210,6223,swipe left
18000000,1999.252,92.235,88.451,54,1997,-78,1999.252,154140,148680,-710220,22836,-849.314,46.775,98.692,-1944,2358,283,-849.314,192010,3920,-854210,9682,swipe left
18000000,1219.902,15.939,152.44,-297,155,1173,1219.902,-26530,-77840,103810,18961,-779.35,-76.296,63.989,-351,-1842,-824,-779.35,-180670,-226520,814030,-3875,swipe left
19000000,1028.904,4.993,-156.297,-82,-36,1025,1028.904,1330,-4270,-4900,6634,14.115,-1.129,7.612,22,-6,1055,14.115,3430,-1330,1470,-689,swipe left
19000000,2115.923,50.776,55.941,918,1358,1338,2115.923,-147490,-74550,463820,43838,1087.019,45.783,212.238,1000,1394,1374,1087.019,-148820,-70280,468720,37204,swipe left
19000000,2830.828,45.105,-4.92,1998,-172,1998,2830.828,105070,48230,-274820,54703,714.905,-5.671,-60.861,1080,-1530,640,714.905,252560,122780,-738640,10865,swipe left
19000000,1204.851,53.362,176.501,-965,59,719,1204.851,-17920,5040,48230,51697,-1625.977,8.257,181.421,-2963,231,891,-1625.977,-122990,-43190,323050,-3006,swipe left