﻿ sequence,id,r,theta,phi,acc_x,acc_y,acc_z,abs_a,g_x,g_y,g_z,abs_g,delta_r,delta_theta,delta_phi,delta_acc_x,delta_acc_y,delta_acc_z,delta_abs_acc,delta_g_x,delta_g_y,delta_g_z,delta_abs_g,label
1,10000000,1492.677,31.183,-4.006,-196,17,993,1012.301,350,-8540,-3780,9345,480.376,19.977,-179.048,-28,4,980,12.007,-700,-5600,1470,3237,swipe left
2,10000000,2908.102,67.625,132.045,771,-54,1277,1492.677,11200,27230,-18550,34799,1415.425,36.442,136.051,967,-71,1260,480.376,10850,35770,-14770,25454,swipe left
3,10000000,2028.634,35.72,-3.63,-1801,1997,1107,2908.102,-104160,-147070,548940,55691,-879.468,-31.905,-135.675,-2572,2051,1161,1415.425,-115360,-174300,567490,20892,swipe left
4,10000000,959.577,28.785,179.007,1182,-75,1647,2028.634,32060,7490,-115850,40252,-1069.057,-6.935,182.637,2983,-2072,-350,-879.468,136220,154560,-664790,-15439,swipe left
10,11000000,1461.406,19.916,6.111,-131,4,1000,1008.551,-1890,-3850,-9240,10186,452.855,12.45,-172.14,73,-6,990,3.578,1470,-1960,-8960,6321,swipe left
11,11000000,2854.346,81.761,135.014,495,53,1374,1461.406,25130,43750,-29540,58465,1392.94,61.845,128.903,626,49,1370,452.855,27020,47600,-20300,48279,swipe left
12,11000000,1871.122,36.711,-12.967,-1998,1997,409,2854.346,-165830,-156100,540050,64949,-983.224,-45.05,-147.981,-2493,1944,356,1392.94,-190960,-199850,569590,6484,swipe left
13,11000000,953.212,27.042,177.619,1090,-251,1500,1871.122,33880,8680,-61880,27520,-917.91,-9.669,190.586,3088,-2248,-497,-983.224,199710,164780,-601930,-37429,swipe left
18,12000000,1038.702,7.421,12.482,-68,-7,1030,1032.265,6300,-7280,-8960,13151,6.437,3.624,186.604,110,5,1042,61.727,1610,-2170,1540,567,swipe left
19,12000000,2596.391,52.265,20.526,131,29,1030,1038.702,18620,11410,-5950,22633,1557.689,44.844,8.044,199,36,1037,6.437,12320,18690,3010,9482,swipe left
20,12000000,2694.671,51.838,19.435,1923,720,1589,2596.391,-107520,-59010,352730,44969,98.28,-0.427,-1.091,1792,691,1560,1557.689,-126140,-70420,358680,22336,swipe left
21,12000000,975.393,13.611,157.456,1998,705,1665,2694.671,124880,198940,-517580,30637,-1719.278,-38.227,138.021,75,-15,945,98.28,232400,257950,-870310,-14332,swipe left
26,13000000,1036.165,12.653,174.691,-119,-9,1001,1008.088,350,-5670,-2450,6186,28.077,5.855,350.365,56,-4,1006,2.728,3360,-1540,-140,578,swipe left
27,13000000,2478.427,53.736,-1.089,-226,21,1011,1036.165,4900,-26530,-17290,32043,1442.262,41.083,-175.78,-107,30,1020,28.077,4550,-20860,-14840,25857,swipe left
28,13000000,2300.754,98.347,140.4,1998,-38,1466,2478.427,-33600,21420,118440,52258,-177.673,44.611,141.489,2224,-59,1445,1442.262,-38500,47950,135730,20215,swipe left
29,13000000,1042.121,4.436,-11.449,-1754,1451,-334,2300.754,-48090,74620,-432600,41833,-1258.633,-93.911,-151.849,-3752,1489,-296,-177.673,-14490,53200,-551040,-10425,swipe left
34,14000000,1092.976,9.172,-2.96,-89,17,970,974.222,5040,4690,-19460,20641,118.754,3.836,-172.146,108,31,984,-46.074,1890,5110,-9520,10206,swipe left
35,14000000,2200.192,51.82,75.979,174,-9,1079,1092.976,5670,38570,-70,38984,1107.216,42.648,78.939,263,-26,1062,118.754,630,33880,19390,18343,swipe left
36,14000000,2503.745,57.832,19.486,419,1678,1360,2200.192,-145670,-133700,551040,58635,303.553,6.012,-56.493,245,1687,1369,1107.216,-151340,-172270,551110,19651,swipe left
37,14000000,1067.27,16.932,154.259,1998,707,1333,2503.745,121590,110600,-467460,26873,-1436.475,-40.9,134.773,1579,-971,-345,303.553,267260,244300,-1018500,-31762,swipe left
42,15000000,1044.337,10.147,180,-184,0,1028,1044.337,2520,-3920,-7490,8821,90.531,-2.407,351.4,21,31,1059,90.531,4270,-910,-3570,3579,swipe left
43,15000000,2399.398,56.509,-3.638,1997,-127,1324,2399.398,48090,64120,96040,52562,1355.061,46.362,-183.638,2181,-127,1324,1355.061,45570,68040,103530,43741,swipe left
44,15000000,2828.001,116.186,141.752,-1993,1571,-1248,2828.001,-91980,71050,-455000,38601,428.603,59.677,145.39,-3990,1698,-1121,428.603,-140070,6930,-551040,-13961,swipe left
45,15000000,1019.828,29.796,-6.003,504,-53,885,1019.828,-9800,-25970,22190,35536,-1808.173,-86.39,-147.755,2497,-1624,-686,-1808.173,82180,-97020,477190,-3065,swipe left
50,16000000,937.508,23.307,161.125,-351,120,861,937.508,29610,42560,-59010,43304,-69.213,19.093,327.84,-279,137,878,-69.213,30870,45640,-56000,38817,swipe left
51,16000000,2881.39,47.355,19.571,1997,710,1952,2881.39,-48720,41020,294210,20530,1943.882,24.048,-141.554,2348,590,1832,1943.882,-78330,-1540,353220,-22774,swipe left
52,16000000,2395.098,57.61,9.103,1997,320,1283,2395.098,42980,84490,-401940,55116,-486.292,10.255,-10.468,0,-390,573,-486.292,91700,43470,-696150,34586,swipe left
53,16000000,1502.401,49.836,167.985,-1123,239,969,1502.401,-28000,-32690,89530,35753,-892.697,-7.774,158.882,-3120,-81,649,-892.697,-70980,-117180,491470,-19363,swipe left
58,17000000,1025.528,9.983,165.338,-172,45,1010,1025.528,9450,5250,-30800,32642,1.098,4.081,325.354,-73,81,1046,1.098,5250,7630,-20370,21149,swipe left
59,17000000,2566.849,73.523,125.775,-1439,1997,728,2566.849,-79030,-93590,672420,57419,1541.321,63.54,-39.563,-1267,1952,683,1541.321,-88480,-98840,703220,24777,swipe left
60,17000000,2473.931,53.832,0.774,1997,27,1460,2473.931,63770,12740,-92820,65226,-92.918,-19.691,-125.001,3436,-1970,-537,-92.918,142800,106330,-765240,7807,swipe left
61,17000000,867.891,17.439,-167.566,-254,-56,828,867.891,7700,11480,-21140,25258,-1606.04,-36.393,-168.34,-2251,-83,801,-1606.04,-56070,-1260,71680,-39968,swipe left
66,18000000,905.023,7.634,133.652,-83,87,897,905.023,15470,2450,-43120,45876,-99.999,-1.948,-42.921,84,77,887,-99.999,11200,13300,-34860,31587,swipe left
67,18000000,3027.169,48.698,61.417,1088,1997,1998,3027.169,-185920,-176680,599830,19399,2122.146,41.064,-72.235,1171,1910,1911,2122.146,-201390,-179130,642950,-26477,swipe left
68,18000000,2836.831,45.226,7.417,1997,260,1998,2836.831,65870,5600,-208460,24107,-190.338,-3.472,-54,909,-1737,1,-190.338,251790,182280,-808290,4708,swipe left
69,18000000,938.761,35.527,171.142,-539,84,764,938.761,-5180,-14910,12810,20328,-1898.07,-9.699,163.725,-2536,-176,504,-1898.07,-71050,-20510,221270,-3779,swipe left
74,19000000,957.476,13.505,153.434,-200,100,931,957.476,-9380,-32270,-22890,40660,-49.77,1.172,-11.754,8,45,876,-49.77,-7770,-30940,-16800,34222,swipe left
75,19000000,2966.441,49.106,27.056,1997,1020,1942,2966.441,-32690,-127540,436380,40051,2008.965,35.601,-126.378,2197,920,1842,2008.965,-23310,-95270,459270,-609,swipe left
76,19000000,2169.729,76.568,28.593,1853,1010,504,2169.729,78680,139230,-572530,34333,-796.712,27.462,1.537,-144,-10,-516,-796.712,111370,266770,-1008910,-5718,swipe left
77,19000000,1235.005,6.527,112.18,-53,130,1227,1235.005,5670,-6510,15890,18083,-934.724,-70.041,83.587,-1906,-880,217,-934.724,-73010,-145740,588420,-16250,swipe left