﻿ sequence,id,r,theta,phi,acc_x,acc_y,acc_z,abs_a,g_x,g_y,g_z,abs_g,delta_r,delta_theta,delta_phi,delta_acc_x,delta_acc_y,delta_acc_z,delta_abs_acc,delta_g_x,delta_g_y,delta_g_z,delta_abs_g,label
1,10000000,1477.008,22.859,-8.822,567,-88,1361,1477.008,26880,6510,-86170,62411,460.553,10.794,164.42,778,-63,1386,460.553,14980,-3640,-71540,40995,swipe left
2,10000000,2999.682,70.344,135.014,-1998,1997,1009,2999.682,-45150,-46550,311990,52525,1522.674,47.485,143.836,-2565,2085,1097,1522.674,-72030,-53060,398160,-9886,swipe left
3,10000000,2656.589,46.549,-4.371,1923,-147,1827,2656.589,24290,14560,-32270,42934,-343.093,-23.795,-139.385,3921,-2144,-170,-343.093,69440,61110,-344260,-9591,swipe left
4,10000000,877.225,12.629,-168.572,-188,-38,856,877.225,-13930,-8120,17010,23437,-1779.364,-33.92,-164.201,-2111,109,1003,-1779.364,-38220,-22680,49280,-19497,swipe left
10,11000000,1079.447,1.649,3.691,31,2,1079,1079.447,29820,17500,-23450,41777,66.336,-2.05,99.837,38,67,1144,66.336,33880,18270,-15260,32604,swipe left
11,11000000,2476.054,66.457,123.081,-1239,1902,989,2476.054,-89810,-18410,501270,44478,1396.607,64.808,119.39,-1270,1900,987,1396.607,-119630,-35910,524720,2701,swipe left
12,11000000,2781.141,46.681,-9.271,1997,-326,1908,2781.141,-11200,-50190,16240,53927,305.087,-19.776,-132.352,3236,-2228,6,305.087,78610,-31780,-485030,9449,swipe left
13,11000000,923.539,26.57,-178.751,-413,-9,826,923.539,-11340,-7350,3010,13844,-1857.602,-20.111,-169.48,-2410,317,1152,-1857.602,-140,42840,-13230,-40083,swipe left
18,12000000,1074.304,14.729,174.748,-272,25,1039,1074.304,-7140,2520,-26390,27454,73.918,6.875,0.626,-136,11,1025,73.918,-770,7070,-20930,17910,swipe left
19,12000000,2706.604,49.438,13.786,1997,490,1760,2706.604,-8470,99890,307860,41812,1632.3,34.709,-160.962,2269,465,1735,1632.3,-1330,97370,334250,14358,swipe left
20,12000000,1870.345,48.144,26.84,1243,629,1248,1870.345,175280,82040,-533330,63772,-836.259,-1.294,13.054,-754,139,758,-836.259,183750,-17850,-841190,21960,swipe left
21,12000000,1066.498,4.642,116.861,-39,77,1063,1066.498,-4130,-18480,28000,33801,-803.847,-43.502,90.021,-1282,-552,434,-803.847,-179410,-100520,561330,-29971,swipe left
26,13000000,927.393,8.585,171.694,-137,20,917,927.393,18900,11270,-45220,50289,-118.379,2.562,333.093,-33,55,952,-118.379,17010,17570,-35980,38948,swipe left
27,13000000,2766.343,50.57,110.835,-760,1997,1757,2766.343,-2590,10850,708260,59501,1838.95,41.985,-60.859,-623,1977,1737,1838.95,-21490,-420,753480,9212,swipe left
28,13000000,1844.985,59.694,-9.503,1571,-263,931,1844.985,36610,52710,-170100,54661,-921.358,9.124,-120.338,2331,-2260,-1066,-921.358,39200,41860,-878360,-4840,swipe left
29,13000000,1013.38,13.349,-168.161,-229,-48,986,1013.38,-9310,-16870,-5600,20065,-831.605,-46.345,-158.658,-1800,215,1249,-831.605,-45920,-69580,164500,-34596,swipe left
34,14000000,945.223,2.915,-163.072,-46,-14,944,945.223,-1820,-980,-15050,15191,-95.481,-6.046,10.197,115,5,963,-95.481,-1680,9030,-10430,4166,swipe left
35,14000000,2631.422,49.642,-5.178,1997,-181,1704,2631.422,14700,50680,107100,37014,1686.199,46.727,157.894,2043,-167,1718,1686.199,16520,51660,122150,21823,swipe left
36,14000000,2924.176,105.857,135.259,-1998,1980,-799,2924.176,-77000,69720,-350770,26181,292.754,56.215,140.437,-3995,2161,-618,292.754,-91700,19040,-457870,-10833,swipe left
37,14000000,1238.495,11.872,47.544,172,188,1212,1238.495,-3360,-17220,14280,22621,-1685.681,-93.985,-87.715,2170,-1792,-768,-1685.681,73640,-86940,365050,-3560,swipe left
42,15000000,962.256,2.928,-175.333,-49,-4,961,962.256,-1890,-3430,-3430,5205,-63.081,-4.81,3.006,89,0,965,-63.081,-5530,350,3570,-3543,swipe left
43,15000000,2808.996,45.352,-2.179,1997,-76,1974,2808.996,21420,45570,85190,34682,1846.74,42.424,173.154,2046,-72,1978,1846.74,23310,49000,88620,29477,swipe left
44,15000000,3191.431,117.73,135.014,-1998,1997,-1485,3191.431,-82740,66570,-364980,52478,382.435,72.378,137.193,-3995,2073,-1409,382.435,-104160,21000,-450170,17796,swipe left
45,15000000,1413.948,17.433,25.294,383,181,1349,1413.948,-38080,-37660,42280,18999,-1777.483,-100.297,-109.72,2381,-1816,-648,-1777.483,44660,-104230,407260,-33479,swipe left
50,16000000,970.902,29.02,164.104,-453,129,849,970.902,19810,8400,-45220,50078,-7.517,20.258,-4.284,-307,99,819,-7.517,19040,13720,-45220,44703,swipe left
51,16000000,3460.06,54.728,135.014,-1998,1997,1998,3460.06,-106260,-96740,677390,52589,2489.158,25.708,-29.09,-1545,1868,1869,2489.158,-126070,-105140,722610,2511,swipe left
52,16000000,2826.556,45.019,-2.78,1997,-97,1998,2826.556,69510,39130,-126560,30089,-633.504,-9.709,-137.794,3995,-2094,1,-633.504,175770,135870,-803950,-22500,swipe left
53,16000000,953.77,18.017,179.611,-295,2,907,953.77,5810,1610,-17150,18178,-1872.786,-27.002,182.391,-2292,99,1004,-1872.786,-63700,-37520,109410,-11911,swipe left
58,17000000,946.926,2.534,-139.844,-32,-27,946,946.926,13230,-14560,-5250,20361,-26.066,-6.839,28.137,123,6,979,-26.066,28140,7280,13650,-12142,swipe left
59,17000000,2537.254,55.776,17.934,1996,646,1427,2537.254,-50190,-15610,315910,61462,1590.328,53.242,157.778,2028,673,1454,1590.328,-63420,-1050,321160,41101,swipe left
60,17000000,1747.904,80.715,42.392,1274,1163,282,1747.904,115850,99610,-604240,43615,-789.35,24.939,24.458,-722,517,-364,-789.35,166040,115220,-920150,-17847,swipe left
61,17000000,1311.378,35.395,171.901,-752,107,1069,1311.378,-6860,-35910,65100,35771,-436.526,-45.32,129.509,-2026,-1056,-94,-436.526,-122710,-135520,669340,-7844,swipe left
66,18000000,993.201,5.272,-34.734,75,-52,989,993.201,3990,7420,-1330,8529,21.561,-6.267,133.088,265,-11,1030,21.561,4130,14980,10500,-5511,swipe left
67,18000000,1653.223,41.822,100.769,-206,1083,1232,1653.223,-71470,-130830,377720,41086,660.022,36.55,135.503,-281,1135,1284,660.022,-75460,-138250,379050,32557,swipe left
68,18000000,2403.493,56.316,3.124,1997,109,1333,2403.493,94010,135660,-270060,37278,750.27,14.494,-97.645,2203,-974,250,750.27,165480,266490,-647780,-3808,swipe left
69,18000000,1082.227,41.061,174.834,-708,64,816,1082.227,-7700,-8890,22400,25299,-1321.266,-15.255,171.71,-2705,-45,707,-1321.266,-101710,-144550,292460,-11979,swipe left
74,19000000,1092.72,5.865,-160.104,-105,-38,1087,1092.72,-5390,1890,-11550,12885,125.853,-1.9,2.986,20,0,1125,125.853,420,7840,-11340,4567,swipe left
75,19000000,2582.505,50.72,-2.58,1997,-90,1635,2582.505,-7280,35700,132790,42199,1489.785,44.855,157.524,2102,-52,1673,1489.785,-1890,33810,144340,29314,swipe left
76,19000000,2822.154,91.36,135.086,-1998,1992,-67,2822.154,-90860,48580,-324240,63859,239.649,40.64,137.666,-3995,2082,23,239.649,-83580,12880,-457030,21660,swipe left
77,19000000,1742.721,38.44,-6.252,1077,-118,1365,1742.721,3150,-11480,-45710,47234,-1079.433,-52.92,-141.338,3075,-2110,-627,-1079.433,94010,-60060,278530,-16625,swipe left