﻿ sequence,id,r,theta,phi,acc_x,acc_y,acc_z,abs_a,g_x,g_y,g_z,abs_g,delta_r,delta_theta,delta_phi,delta_acc_x,delta_acc_y,delta_acc_z,delta_abs_acc,delta_g_x,delta_g_y,delta_g_z,delta_abs_g,label
1,10000000,959.126,15.329,-176.155,-103,-47,1019,1025.27,490,-2590,490,2681,-66.144,8.99,-20.683,-5,2,1068,15.31,0,3640,70,-3582,swipe left
2,10000000,1845.363,64.618,9.982,-253,-17,925,959.126,8960,-12600,-13090,20258,886.237,49.289,186.137,-150,30,972,-66.144,8470,-10010,-13580,17577,swipe left
3,10000000,2192.262,65.732,-1.347,1642,289,791,1845.363,-45850,-10430,329630,59099,346.899,1.114,-11.329,1895,306,808,886.237,-54810,2170,342720,38841,swipe left
4,10000000,1049.758,11.134,151.412,1998,-47,901,2192.262,52150,84910,-296170,56184,-1142.504,-54.598,152.759,356,-336,612,346.899,98000,95340,-625800,-2915,swipe left
10,11000000,1015.815,7.554,174.844,-90,3,987,991.099,140,-3780,-1890,4228,24.716,2.341,-3.246,33,0,984,-29.345,2240,-770,-1540,542,swipe left
11,11000000,2575.128,51.016,3.494,-133,12,1007,1015.815,-1750,-4340,-5250,7032,1559.313,43.462,-171.35,-43,9,1004,24.716,-1890,-560,-3360,2804,swipe left
12,11000000,2445.741,57.669,14.802,1998,122,1620,2575.128,-106820,-59570,354620,57231,-129.387,6.653,11.308,2131,110,1608,1559.313,-105070,-55230,359870,50199,swipe left
13,11000000,1026.696,6.038,143.66,1998,528,1308,2445.741,120400,107450,-495670,33874,-1419.045,-51.631,128.858,0,406,1186,-129.387,227220,167020,-850290,-23357,swipe left
18,12000000,993.887,12.587,-175.763,-163,-26,995,1008.598,-700,-3360,-2310,4137,-14.711,3.168,-4.826,40,-2,1019,8.486,1400,1680,-490,-1618,swipe left
19,12000000,2827.937,45.047,-3.294,-216,-16,970,993.887,2170,-4620,-3080,5961,1834.05,32.46,172.469,-53,10,996,-14.711,2870,-1260,-770,1824,swipe left
20,12000000,2146.27,106.651,135.118,1998,-115,1998,2827.937,-36750,61880,101780,51516,-681.667,61.604,138.412,2214,-99,2014,1834.05,-38920,66500,104860,45555,swipe left
21,12000000,1016.498,14.07,149.076,-1457,1451,-615,2146.27,-20440,5950,-445270,33912,-1129.772,-92.581,13.958,-3455,1566,-500,-681.667,16310,-55930,-547050,-17604,swipe left
26,13000000,1257.755,22.501,-17.531,-149,-8,1010,1020.962,-700,-3290,1750,3791,236.793,14.098,159.395,-39,8,1026,7.846,-3080,-1120,3920,-92,swipe left
27,13000000,1753.031,59.981,129.573,459,-145,1162,1257.755,9800,8260,-13020,18269,495.276,37.48,147.104,608,-137,1170,236.793,10500,11550,-14770,14478,swipe left
28,13000000,2846.341,45.416,-9.741,-967,1170,877,1753.031,-93730,-58100,370790,60143,1093.31,-14.565,-139.314,-1426,1315,1022,495.276,-103530,-66360,383810,41874,swipe left
29,13000000,1011.622,33.763,174.897,1998,-343,1998,2846.341,69720,55090,-130480,58702,-1834.719,-11.653,184.638,2965,-1513,828,1093.31,163450,113190,-501270,-1441,swipe left
34,14000000,968.516,6.118,144.462,-146,-10,989,999.768,3360,8750,-10990,14444,-31.252,-2.298,320.543,-1,-2,997,-31.507,4130,10850,-6930,9809,swipe left
35,14000000,1758.493,60.272,96.58,-84,60,963,968.516,48370,64680,-89110,39734,789.977,54.154,-47.882,62,70,973,-31.252,45010,55930,-78120,25290,swipe left
36,14000000,2825.613,45,0.258,-175,1517,872,1758.493,-120260,-111650,498330,19572,1067.12,-15.272,-96.322,-91,1457,812,789.977,-168630,-176330,587440,-20162,swipe left
37,14000000,952.509,31.401,-178.037,1998,-9,1998,2825.613,107660,91840,-249060,21254,-1873.104,-13.599,-178.295,2173,-1526,481,1067.12,227920,203490,-747390,1682,swipe left
42,15000000,1514.773,37.484,-10.627,-162,-18,1007,1020.106,1120,-6160,1260,6386,494.667,28.29,163.032,-38,-3,1022,13.328,420,-2030,6440,-275,swipe left
43,15000000,2885.031,78.28,135.014,906,-170,1202,1514.773,12180,19600,-22610,32306,1370.258,40.796,145.641,1068,-152,1220,494.667,11060,25760,-23870,25920,swipe left
44,15000000,2820.037,44.886,-2.649,-1998,1997,586,2885.031,-117250,-169330,497630,47885,-64.994,-33.394,-137.663,-2904,2167,756,1370.258,-129430,-188930,520240,15579,swipe left
45,15000000,885.314,19.603,179.228,1988,-92,1998,2820.037,67550,45570,-126350,33602,-1934.723,-25.283,181.877,3986,-2089,1,-64.994,184800,214900,-623980,-14283,swipe left
50,16000000,1068.416,10.359,177.912,-121,-25,991,998.672,9380,-14630,-1610,17453,69.744,3.253,346.238,-73,-5,1011,11.302,18200,-9450,-5390,6549,swipe left
51,16000000,2836.028,45.21,-6.934,-192,7,1051,1068.416,12670,-7350,6300,15944,1767.612,34.851,-184.846,-71,32,1076,69.744,3290,7280,7910,-1509,swipe left
52,16000000,2825.446,88.864,135.014,1998,-243,1998,2836.028,-38080,73500,140980,30949,-10.582,43.654,141.948,2190,-250,1991,1767.612,-50750,80850,134680,15005,swipe left
53,16000000,1359.757,9.527,22.463,-1998,1997,56,2825.446,2870,43470,-269850,41260,-1465.689,-79.337,-112.551,-3996,2240,299,-10.582,40950,-30030,-410830,10311,swipe left
58,17000000,1000.664,5.534,-169.854,-108,-8,981,986.959,-2310,-5180,-7000,9009,13.705,-0.765,5.909,41,-3,986,-32.995,420,2520,-5950,773,swipe left
59,17000000,2832.953,45.148,-5.829,-95,-17,996,1000.664,910,-7770,6860,10404,1832.289,39.614,164.025,13,-9,1004,13.705,3220,-2590,13860,1395,swipe left
60,17000000,2879.088,78.865,135.014,1998,-204,1998,2832.953,16450,117040,50610,60377,46.135,33.717,140.843,2093,-187,2015,1832.289,15540,124810,43750,49973,swipe left
61,17000000,1678.386,21.275,0.188,-1998,1997,556,2879.088,-35980,15540,-382200,39799,-1200.702,-57.59,-134.826,-3996,2201,760,46.135,-52430,-101500,-432810,-20578,swipe left
66,18000000,1024.656,7.008,-172.647,-80,-22,1011,1014.398,2590,-2870,-4690,6077,10.258,2.317,-8.024,22,7,1040,-7.12,1330,-1330,-2660,3235,swipe left
67,18000000,2541.751,52.423,-7.76,-124,-16,1017,1024.656,2730,-1750,-9590,10123,1517.095,45.415,164.887,-44,6,1039,10.258,140,1120,-4900,4046,swipe left
68,18000000,2995.667,70.56,135.014,1996,-272,1550,2541.751,-2450,15750,21700,26924,453.916,18.137,142.774,2120,-256,1566,1517.095,-5180,17500,31290,16801,swipe left
69,18000000,1461.307,26.215,-5.065,-1998,1997,997,2995.667,-32340,50610,-354620,22662,-1534.36,-44.345,-140.079,-3994,2269,1269,453.916,-29890,34860,-376320,-4262,swipe left
74,19000000,1014.46,5.947,177.273,-189,10,988,1005.964,-4060,-2730,-6020,7757,8.496,-4.897,0.302,-46,8,986,13.605,-3920,-1330,-1820,3328,swipe left
75,19000000,2826.788,45.024,-2.35,-105,5,1009,1014.46,980,-490,-10920,10974,1812.328,39.077,-179.623,84,-5,999,8.496,5040,2240,-4900,3217,swipe left
76,19000000,2831.408,93.888,135.014,1998,-82,1998,2826.788,-41230,46340,105630,46044,4.62,48.864,137.364,2103,-87,1993,1812.328,-42210,46830,116550,35070,swipe left
77,19000000,1508.97,33.795,-10.225,-1998,1997,-192,2831.408,80220,53200,-341180,33395,-1322.438,-60.093,-145.239,-3996,2079,-110,4.62,121450,6860,-446810,-12649,swipe left